2
1 1
0 0

2 0 2 0 2

1 0 1 0 1
1 0 1 1 2
1 1 2 0 1
1 1 2 1 2


4
1000
0000
1111
1010

((1000)0(1110)(1110))

N = 4, N/2 = 2, N/2+1 = 3, N/2-1 = 1, N-1 = 3

    0  1     2  3
0  00 01    02 03
1  10 11    12 13


2  20 21    22 23
3  30 31    32 33

1 0 0 0 0
1 0 0 1 1
1 1 1 0 0
1 1 1 1 1

1 2 2 2 2 
1 2 2 3 3 
1 3 3 2 2 
1 3 3 3 3

4 0 4 0 4

2 0 2 0 2
2 0 2 2 4
2 2 4 0 2
-> 1 2 2 0 1 (2,0)
-> 1 2 2 1 2 (2,1)
-> 1 2 4 0 1 (3,0)
-> 1 2 4 1 2 (3,1)

2 2 4 2 4


8
1111 0010
1011 0100
0001 1110
0101 0100

1111 0000
1111 0000
1111 0011
1111 0011

 ((1110)1(0001)(0101))

 ((0001)(1000)(1101)(1000)) 

 1

 (0001)



8 0 8 0 8 (8, 0~7, 0~7)
4 0 4 0 4 (4, 0~3, 0~3)
4 0 4 4 8 (4, 0~3, 4~7)
- 2 0 2 2 4 (2, 0~1, 2~3)
-- 1 0 1 1 2 (0,1) (1, 0, 2)
-- 1 0 1 2 4 (0,2) (1, 0, 3)
-- 1 0 2 1 2 (0,1) (1, 1, 2)
-- 1 0 2 2 4 (0,2) (1, 1, 3)
- 2 0 2 4 8
-- 1 0 1 2 4 
- 2 2 4 2 4
- 2 2 4 4 8

4 4 8 0 4
4 4 8 4 8



























